0.2
0.2
0.2
5
0.2
0.2
0.2
0.2
0.2
0.2
5
0.2
0.2
0.2
0.2
5
0.2
0.2
0.2
5
0.2
0.2
0.2
0.2
5
5
0.2
5
0.2
0.2
0.2
5
5
0.2
0.2
0.2
0.2
0.2
0.2
0.2
0.2
0.2
0.2
5
0.2
0.2
0.2
0.2
0.2
0.2
0.2
0.2
0.2
0.2
0.2
0.2
0.2
0.2
0.2
0.2
0.2
5
0.2
0.2
0.2
5
0.2
0.2
0.2
0.2
5
0.2
5
0.2
0.2
0.2
0.2
0.2
0.2
0.2
0.2
0.2
0.2
0.2
0.2
0.2
0.2
0.2
0.2
0.2
5
0.2
0.2
0.2
0.2
5
0.2
0.2
0.2
0.2
0.2
0.2
0.2
0.2
0.2
0.2
0.2
5
0.2
0.2
0.2
5
0.2
0.2
0.2
5
0.2
0.2
0.2
0.2
5
0.2
0.2
0.2
0.2
0.2
0.2
0.2
5
0.2
5
0.2
0.2
0.2
5
0.2
0.2
0.2
0.2
0.2
0.548397833433222
0.2
0.2
0.2
0.2
0.2
0.2
0.2
0.2
0.2
0.2
0.2
0.2
0.2
0.2
0.2
0.2
0.2
0.2
0.2
0.2
0.2
0.2
0.2
0.2
0.2
0.2
5
0.2
5
0.2
0.2
0.2
0.2
0.2
0.2
0.2
0.2
0.2
2.01550419730857
0.2
0.2
0.2
0.2
0.2
0.2
0.2
0.2
0.2
0.2
5
0.2
0.2
0.2
0.2
0.2
0.2
0.2
0.2
5
0.2
0.2
0.2
0.2
0.2
0.2
0.2
0.2
0.2
0.2
0.2
0.2
0.2
0.2
0.2
0.2
0.2
0.2
0.2
0.2
0.2
0.2
0.2
0.2
0.2
0.2
0.2
0.2
0.2
0.2
0.2
0.2
0.2
0.2
0.2
0.2
1.92082350949698
0.2
5
0.2
0.2
0.2
0.2
0.2
5
0.2
0.2
0.2
0.2
0.2
0.2
0.2
0.2
0.2
0.2
0.2
0.2
0.2
0.2
0.2
0.2
0.2
0.2
0.2
0.2
5
0.2
0.2
0.2
0.2
0.2
0.2
0.2
0.2
0.2
0.2
0.2
0.2
0.2
0.2
0.2
0.2
0.2
