0.2
0.2
0.2
0.2
0.2
0.2
0.2
0.2
0.2
0.2
2.99216672975643
0.2
0.2
2.91423528353851
0.2
0.2
0.2
0.2
0.2
0.2
0.724698945289429
0.2
0.2
0.2
0.2
0.2
0.2
0.2
0.2
0.2
0.2
0.2
0.2
0.2
0.2
0.2
0.2
0.2
0.2
0.2
0.2
0.2
0.2
0.2
0.2
0.2
0.2
0.2
0.2
0.2
0.2
0.2
0.2
0.2
0.2
0.2
0.2
0.2
0.2
0.2
4.57034505488687
0.2
0.2
0.2
0.2
0.2
0.2
0.2
0.2
0.2
5
0.2
0.2
0.2
0.2
0.2
0.2
0.2
0.2
0.2
0.2
0.2
0.2
0.2
0.2
0.2
0.2
0.2
0.2
0.2
0.2
0.2
0.2
0.2
0.2
0.2
0.2
0.2
0.2
0.2
0.2
0.2
0.2
0.2
0.2
0.2
0.2
0.2
3.74464966644418
0.2
0.2
0.2
0.2
2.18977846133791
0.2
5
0.2
0.2
0.2
4.65529029205651
0.2
4.65529029288965
2.23925024861251
5
5
0.2
5
0.2
5
0.2
0.2
2.99565166397055
0.2
0.2
0.2
3.18457203902838
0.2
4.65529029019508
0.2
0.2
5
4.37658053553305
2.22600302602715
