0.2
0.548401359632988
0.2
0.2
1.2676579054626
1.28604304686726
0.2
0.2
0.660568091842164
0.221163760275402
0.496648015221481
0.445974845375034
0.2
0.2
0.2
0.2
0.2
0.2
0.2
0.2
0.66056809187002
0.2
3.29682877400383
0.2
0.2
0.2
0.2
0.2
0.295270638539476
0.548401359440714
0.2
0.295270638513464
0.2
1.05654612501239
0.2
0.2
0.445974845208838
1.51077416176991
0.63511333257412
0.574087845204139
4.79600074715647
0.2
0.673385946443276
0.2
0.2
0.2
1.64048788435072
0.2
0.2
0.2
0.356296126006877
0.2
0.505958907054527
0.445974844993916
0.2
2.50574567971089
0.2
0.673385946540451
1.43575400993271
0.2
0.2
0.35629612589474
0.609426847198585
0.293880763026362
0.596879610180458
0.2
1.1310719265135
2.20750023578343
0.290710799710683
0.2
3.67124413579742
1.75721051949715
5
4.00991026325167
0.2
3.80579039852366
0.2
0.2
0.293880763368503
0.2
0.2
0.215742910663397
0.574087845312584
0.2
0.295270638178004
1.35655154184683
0.2
0.509530912173929
2.62675143436467
1.55837507175624
0.2
0.2
1.32868339293411
0.2
0.2
0.430938755862488
0.2
0.2
0.2
0.2
0.2
