0.2
0.2
0.2
1.14019904392491
0.2
0.2
0.853006556520311
2.94542523875852
0.2
0.2
0.2
0.2
0.2
0.2
0.2
0.400079224725482
0.2
0.2
0.2
0.2
0.2
1.86339405196039
0.2
0.2
0.2
1.06323619912229
0.2
0.2
0.2
0.2
0.2
0.2
0.2
4.95239881110992
0.2
0.2
0.2
0.2
0.2
0.2
0.2
0.2
0.2
0.2
0.2
0.2
0.2
0.2
4.00545160449624
0.2
0.2
0.2
0.2
0.2
0.2
0.2
0.2
0.2
0.2
0.2
0.2
0.2
0.2
0.2
0.2
0.2
0.2
0.2
0.2
0.2
0.2
0.2
0.615408725313871
1.32466811845294
0.2
0.224241960140763
1.4580687647543
0.2
0.774966022103582
0.363176618960123
0.400079224662791
1.4136835576356
0.615408724949686
0.2
5
0.2
5
0.347611162697469
0.2
0.2
0.2
5
0.774966022640507
2.75703079566366
0.85300655541017
4.87777825403609
0.2
0.2
1.54757598722088
5
1.49702666874836
0.2
0.2
0.347611162870778
0.2
0.2
3.06142846367827
0.2
0.2
0.2
1.41368355793808
